[[ 7822.06371191 53198.25207756]
 [58228.98891353 13564.90243902]
 [58706.88013699 55602.23287671]
 [21739.05555556 26568.73856209]
 [10762.02222222 14141.78024691]
 [36725.33619211 46109.52487136]
 [39892.94356659 33522.23927765]
 [ 7920.82440476 40526.33333333]
 [30544.85081585 58072.19114219]
 [58180.68350168 31344.64646465]
 [30500.08515815 11059.00243309]
 [48042.09539474 24760.92763158]
 [16689.68112245 57910.88265306]
 [ 6897.50331126 26699.75496689]
 [34708.39464883 19539.26755853]
 [18126.82608696 42014.4468599 ]
 [44818.97289157  7414.23192771]
 [54751.47679325 45653.55063291]
 [16770.34693878  6935.39067055]
 [44829.15337423 57020.51840491]]
[17 17 17 ... 14 14 14]
