[[52663.64882943 59101.07023411]
 [16770.34693878  6935.39067055]
 [ 8094.46305419 54055.21674877]
 [58228.98891353 13564.90243902]
 [39881.26923077 33504.38687783]
 [31027.25227273 58123.01363636]
 [ 6897.50331126 26699.75496689]
 [44818.97289157  7414.23192771]
 [58169.32214765 31368.90268456]
 [17915.47355769 41916.88461538]
 [45273.2075     50032.34      ]
 [21739.05555556 26568.73856209]
 [48042.09539474 24760.92763158]
 [34496.708061   46263.91938998]
 [17689.57627119 57510.50564972]
 [ 7805.46200608 40555.27355623]
 [10762.02222222 14141.78024691]
 [30500.08515815 11059.00243309]
 [57211.93650794 46824.96825397]
 [34708.39464883 19539.26755853]]
[18 18 18 ... 19 19 19]
